Horodatage,Channel,Mot_A429
10361,0,ABABABAB,0,0
10862,0,CAFEBABE,501,501
11215,0,AABBCCDD,854,353
11574,0,FFEEDDCC,1213,359
15342,0,AAAAAAAA,4981,3768
15720,0,BBBBBBBB,5359,378
16079,0,CCCCCCCC,5718,359
16439,0,DDDDDDDD,6078,360
50356,0,FFFFFFFF,39995,33917
50716,0,EEEEEEEE,40355,360
